-0.187259
-0.888009
1.18854
0.0413706
-0.157769
-1.72822
-1.17541
-0.799393
-0.952363
-0.183747
-0.518546
-0.257772
1.15036
1.82095
0.755444
-0.00021535
-1.13151
0.540466
0.240387
0.179635
0.00758594
0.528748
-0.299095
-0.546192
-1.73525
-0.0698629
1.55389
0.0186177
-1.13948
1.77795
-0.388913
-2.48759
-0.223205
0.83071
-0.661698
1.08298
0.106538
0.557246
-0.362425
-0.846417
0.386657
1.14694
0.308802
1.17371
-1.24779
-0.255273
0.24024
0.774755
-0.81451
0.322502
-1.11327
-2.38651
-0.78436
-0.128111
0.979141
1.26986
-0.296074
0.21687
-1.28257
0.599453
0.769914
0.769733
-0.0175206
1.65677
-0.786113
-0.512122
-0.337213
-1.01501
2.73513
-0.333296
0.499161
-1.26323
-0.223527
0.0501616
0.598955
-0.673444
-1.46771
-1.41087
-0.159416
-0.620837
0.187468
0.027273
0.00766351
2.63678
-2.06182
0.364586
0.023811
0.585786
0.607201
0.723531
-0.209866
0.533245
-1.26418
-0.543769
-0.392844
-0.82968
-0.524926
-0.763371
0.254414
-0.0501821
1.42927
0.149458
-0.0522909
1.09932
0.0234161
-1.23274
-0.546598
-2.23757
1.08311
-1.20139
-1.59942
-0.171192
0.680896
0.829163
0.599556
0.764058
0.148071
1.11458
-2.57303
-2.04123
1.68326
-0.608651
0.0244634
0.156196
0.175971
-0.962873
-1.62567
0.356224
1.34634
-0.791517
0.295487
-0.383972
-0.0325063
-0.225386
1.486
-1.88474
-0.817088
1.04075
-1.31749
1.88491
-0.476027
-0.0471926
1.14861
0.099639
1.51842
-0.452647
0.261322
0.322387
-0.237773
-0.164392
-0.599285
-0.560608
-1.23395
-0.578679
1.3245
-1.13898
-0.152608
-0.808557
2.43896
0.730539
-0.351719
0.0488017
-0.372727
1.03187
-0.16913
-0.707575
1.57611
1.32214
-0.126771
-1.21801
0.506693
-0.121826
0.953271
0.380479
-1.07014
-2.88322
0.257002
-1.03578
0.293405
1.1925
-0.690275
-0.211719
1.62469
1.03429
-0.296461
0.124178
-0.053685
-1.53909
0.133138
0.521378
0.58993
0.45645
1.59482
0.274845
0.48706
0.205318
-0.0795221
-0.0103271
-0.524921
0.609763
